MÉTODO DEL GRADIENTE HIDRÁULICO

Modo de ejecución: Impresión detallada
--
Topología de nudos OK

----- INICIO DEL CÁLCULO -----

----- Iteración inicial -----
Matriz [q]
[110.0, -40.0, 6.0, 7.0, 4.0, 6.0]

Matriz [Ho]
[110.]

Matriz [qi]
[-40.   6.   7.   4.   6.]

Matriz [B]
[[-1.  0.  0.  0.  0.]
 [ 0.  1.  0.  0.  0.]
 [ 0. -1.  1.  0.  0.]
 [ 0. -1.  0.  1.  0.]
 [ 0.  0. -1.  0.  1.]
 [ 0.  0.  0. -1.  1.]]

Matriz [C]
[[ 1.]
 [-1.]
 [ 0.]
 [ 0.]
 [ 0.]
 [ 0.]]

Matriz [Q]
[100. 100. 100. 100. 100. 100.]


Variables hidráulicas de los tramos

  N  De->A    L    D    ks    kL    Es    A      v       Re     f       hf    hL      alfa
-------------------------------------------------------------------------------------------
  0   1  0  1000  200 0.0015  5.0  TA  0.0314   3.18  632194 0.01274  32.90  2.58   3548.32
  1   0  2  1000  200 0.0015  3.0  TA  0.0314   3.18  632194 0.01274  32.90  1.55   3445.03
  2   2  3   750  150 0.0015  2.0  TA  0.0177   5.66  842926 0.01219  99.52  3.26  10278.35
  3   2  4   500  150 0.0015  2.0  TA  0.0177   5.66  842926 0.01219  66.35  3.26   6961.04
  4   3  5   750  150 0.0015 10.0  TA  0.0177   5.66  842926 0.01219  99.52 16.32  11584.06
  5   4  5   500  100 0.0015  2.0  TA  0.0079  12.73 1264389 0.01157 478.14 16.53  49466.56
-------------------------------------------------------------------------------------------

Matriz [A]
[[ 354.83    0.      0.      0.      0.      0.  ]
 [   0.    344.5     0.      0.      0.      0.  ]
 [   0.      0.   1027.84    0.      0.      0.  ]
 [   0.      0.      0.    696.1     0.      0.  ]
 [   0.      0.      0.      0.   1158.41    0.  ]
 [   0.      0.      0.      0.      0.   4946.66]]

Matriz [A1]
[[ 354.83    0.      0.      0.      0.      0.  ]
 [   0.    344.5     0.      0.      0.      0.  ]
 [   0.      0.   1027.84    0.      0.      0.  ]
 [   0.      0.      0.    696.1     0.      0.  ]
 [   0.      0.      0.      0.   1158.41    0.  ]
 [   0.      0.      0.      0.      0.   4946.66]]

----Inician las iteraciones----


-----Iteración número:   1 -----

Variables hidráulicas de los tramos

  N  De->A    L    D    ks    kL    Es    A      v       Re     f       hf    hL      alfa
-------------------------------------------------------------------------------------------
  0   1  0  1000  200 0.0015  5.0  TA  0.0314   1.27  252878 0.01501   6.20  0.41   4134.68
  1   0  2  1000  200 0.0015  3.0  TA  0.0314   0.73  145405 0.01671   2.28  0.08   4469.81
  2   2  3   750  150 0.0015  2.0  TA  0.0177  -0.64   95368 0.01822   1.90  0.04  15196.50
  3   2  4   500  150 0.0015  2.0  TA  0.0177   1.60  238665 0.01520   6.63  0.26   8596.12
  4   3  5   750  150 0.0015 10.0  TA  0.0177  -1.04  154373 0.01653   4.52  0.55  15122.42
  5   4  5   500  100 0.0015  2.0  TA  0.0079   3.10  307423 0.01456  35.55  0.98  61787.61
-------------------------------------------------------------------------------------------
Matriz [A]
[[ 165.39    0.      0.      0.      0.      0.  ]
 [   0.    102.81    0.      0.      0.      0.  ]
 [   0.      0.   -171.93    0.      0.      0.  ]
 [   0.      0.      0.    243.39    0.      0.  ]
 [   0.      0.      0.      0.   -276.95    0.  ]
 [   0.      0.      0.      0.      0.   1502.3 ]]

Matriz [A1]
[[ 165.39    0.      0.      0.      0.      0.  ]
 [   0.    102.81    0.      0.      0.      0.  ]
 [   0.      0.   -171.93    0.      0.      0.  ]
 [   0.      0.      0.    243.39    0.      0.  ]
 [   0.      0.      0.      0.   -276.95    0.  ]
 [   0.      0.      0.      0.      0.   1502.3 ]]

Matriz [qfi]
[17.]

Matriz [Hi]
[102.9  128.6  254.64 158.79 412.91]

Matriz [Qi]
[ 40.    23.   -11.31  28.31 -18.31  24.31]

Matriz [dq]
[-0.06 -0.08 -0.11 -0.07 -0.12 -0.08]


-----Fin iteración:   1  Desbalance de caudales: 118.313932


-----Iteración número:   2 -----

Variables hidráulicas de los tramos

  N  De->A    L    D    ks    kL    Es    A      v       Re     f       hf    hL      alfa
-------------------------------------------------------------------------------------------
  0   1  0  1000  200 0.0015  5.0  TA  0.0314   1.27  252878 0.01501   6.20  0.41   4134.68
  1   0  2  1000  200 0.0015  3.0  TA  0.0314   0.73  145405 0.01671   2.28  0.08   4469.81
  2   2  3   750  150 0.0015  2.0  TA  0.0177   0.15   22935 0.02506   0.15  0.00  20775.62
  3   2  4   500  150 0.0015  2.0  TA  0.0177   0.81  120362 0.01737   1.93  0.07   9778.27
  4   3  5   750  150 0.0015 10.0  TA  0.0177  -0.24   36070 0.02253   0.34  0.03  20015.98
  5   4  5   500  100 0.0015  2.0  TA  0.0079   1.31  129968 0.01714   7.48  0.17  72454.91
-------------------------------------------------------------------------------------------
Matriz [A]
[[165.39   0.     0.     0.     0.     0.  ]
 [  0.   102.81   0.     0.     0.     0.  ]
 [  0.     0.    56.53   0.     0.     0.  ]
 [  0.     0.     0.   139.63   0.     0.  ]
 [  0.     0.     0.     0.   -85.65   0.  ]
 [  0.     0.     0.     0.     0.   744.77]]

Matriz [A1]
[[165.39   0.     0.     0.     0.     0.  ]
 [  0.   102.81   0.     0.     0.     0.  ]
 [  0.     0.    56.53   0.     0.     0.  ]
 [  0.     0.     0.   139.63   0.     0.  ]
 [  0.     0.     0.     0.   -85.65   0.  ]
 [  0.     0.     0.     0.     0.   744.77]]

Matriz [qfi]
[17.]

Matriz [Hi]
[116.62 107.64 110.52 107.58 113.22]

Matriz [Qi]
[40.   23.    2.72 14.28 -4.28 10.28]

Matriz [dq]
[ 0.00e+00 -6.94e-18  1.40e-02 -1.40e-02  1.40e-02 -1.40e-02]


-----Fin iteración:   2  Desbalance de caudales: 14.034803


-----Iteración número:   3 -----

Variables hidráulicas de los tramos

  N  De->A    L    D    ks    kL    Es    A      v       Re     f       hf    hL      alfa
-------------------------------------------------------------------------------------------
  0   1  0  1000  200 0.0015  5.0  TA  0.0314   1.27  252878 0.01501   6.20  0.41   4134.68
  1   0  2  1000  200 0.0015  3.0  TA  0.0314   0.73  145405 0.01671   2.28  0.08   4469.81
  2   2  3   750  150 0.0015  2.0  TA  0.0177   0.46   67921 0.01957   1.04  0.02  16300.51
  3   2  4   500  150 0.0015  2.0  TA  0.0177   0.51   75376 0.01914   0.83  0.03  10741.53
  4   3  5   750  150 0.0015 10.0  TA  0.0177   0.06    8916 0.03186   0.03  0.00  27629.46
  5   4  5   500  100 0.0015  2.0  TA  0.0079   0.63   62489 0.01995   2.01  0.04  84072.96
-------------------------------------------------------------------------------------------
Matriz [A]
[[165.39   0.     0.     0.     0.     0.  ]
 [  0.   102.81   0.     0.     0.     0.  ]
 [  0.     0.   131.35   0.     0.     0.  ]
 [  0.     0.     0.    96.05   0.     0.  ]
 [  0.     0.     0.     0.    29.23   0.  ]
 [  0.     0.     0.     0.     0.   415.51]]

Matriz [A1]
[[165.39   0.     0.     0.     0.     0.  ]
 [  0.   102.81   0.     0.     0.     0.  ]
 [  0.     0.   131.35   0.     0.     0.  ]
 [  0.     0.     0.    96.05   0.     0.  ]
 [  0.     0.     0.     0.    29.23   0.  ]
 [  0.     0.     0.     0.     0.   415.51]]

Matriz [qfi]
[17.]

Matriz [Hi]
[116.62 107.64 106.88 107.13 107.43]

Matriz [Qi]
[40.   23.    8.06  8.94  1.06  4.94]

Matriz [dq]
[ 0.00e+00 -2.78e-16  5.34e-03 -5.34e-03  5.34e-03 -5.34e-03]


-----Fin iteración:   3  Desbalance de caudales: 5.336895


-----Iteración número:   4 -----

Variables hidráulicas de los tramos

  N  De->A    L    D    ks    kL    Es    A      v       Re     f       hf    hL      alfa
-------------------------------------------------------------------------------------------
  0   1  0  1000  200 0.0015  5.0  TA  0.0314   1.27  252878 0.01501   6.20  0.41   4134.68
  1   0  2  1000  200 0.0015  3.0  TA  0.0314   0.73  145405 0.01671   2.28  0.08   4469.81
  2   2  3   750  150 0.0015  2.0  TA  0.0177   0.53   79353 0.01894   1.37  0.03  15779.81
  3   2  4   500  150 0.0015  2.0  TA  0.0177   0.43   63944 0.01983   0.62  0.02  11115.14
  4   3  5   750  150 0.0015 10.0  TA  0.0177   0.14   20349 0.02580   0.12  0.01  22683.36
  5   4  5   500  100 0.0015  2.0  TA  0.0079   0.46   45340 0.02141   1.14  0.02  90087.79
-------------------------------------------------------------------------------------------
Matriz [A]
[[165.39   0.     0.     0.     0.     0.  ]
 [  0.   102.81   0.     0.     0.     0.  ]
 [  0.     0.   148.55   0.     0.     0.  ]
 [  0.     0.     0.    84.32   0.     0.  ]
 [  0.     0.     0.     0.    54.76   0.  ]
 [  0.     0.     0.     0.     0.   323.05]]

Matriz [A1]
[[165.39   0.     0.     0.     0.     0.  ]
 [  0.   102.81   0.     0.     0.     0.  ]
 [  0.     0.   148.55   0.     0.     0.  ]
 [  0.     0.     0.    84.32   0.     0.  ]
 [  0.     0.     0.     0.    54.76   0.  ]
 [  0.     0.     0.     0.     0.   323.05]]

Matriz [qfi]
[17.]

Matriz [Hi]
[116.62 107.64 106.22 107.04 106.11]

Matriz [Qi]
[40.   23.    9.41  7.59  2.41  3.59]

Matriz [dq]
[ 0.00e+00  2.46e-16  1.36e-03 -1.36e-03  1.36e-03 -1.36e-03]


-----Fin iteración:   4  Desbalance de caudales: 1.356281


-----Iteración número:   5 -----

Variables hidráulicas de los tramos

  N  De->A    L    D    ks    kL    Es    A      v       Re     f       hf    hL      alfa
-------------------------------------------------------------------------------------------
  0   1  0  1000  200 0.0015  5.0  TA  0.0314   1.27  252878 0.01501   6.20  0.41   4134.68
  1   0  2  1000  200 0.0015  3.0  TA  0.0314   0.73  145405 0.01671   2.28  0.08   4469.81
  2   2  3   750  150 0.0015  2.0  TA  0.0177   0.55   81199 0.01884   1.43  0.03  15705.01
  3   2  4   500  150 0.0015  2.0  TA  0.0177   0.42   62098 0.01996   0.59  0.02  11183.75
  4   3  5   750  150 0.0015 10.0  TA  0.0177   0.15   22194 0.02526   0.14  0.01  22244.00
  5   4  5   500  100 0.0015  2.0  TA  0.0079   0.43   42572 0.02171   1.02  0.02  91345.44
-------------------------------------------------------------------------------------------
Matriz [A]
[[165.39   0.     0.     0.     0.     0.  ]
 [  0.   102.81   0.     0.     0.     0.  ]
 [  0.     0.   151.29   0.     0.     0.  ]
 [  0.     0.     0.    82.39   0.     0.  ]
 [  0.     0.     0.     0.    58.57   0.  ]
 [  0.     0.     0.     0.     0.   307.56]]

Matriz [A1]
[[165.39   0.     0.     0.     0.     0.  ]
 [  0.   102.81   0.     0.     0.     0.  ]
 [  0.     0.   151.29   0.     0.     0.  ]
 [  0.     0.     0.    82.39   0.     0.  ]
 [  0.     0.     0.     0.    58.57   0.  ]
 [  0.     0.     0.     0.     0.   307.56]]

Matriz [qfi]
[17.]

Matriz [Hi]
[116.62 107.64 106.17 107.03 106.02]

Matriz [Qi]
[40.   23.    9.63  7.37  2.63  3.37]

Matriz [dq]
[ 0.00e+00 -4.51e-17  2.19e-04 -2.19e-04  2.19e-04 -2.19e-04]


-----Fin iteración:   5  Desbalance de caudales: 0.218951


-----Iteración número:   6 -----

Variables hidráulicas de los tramos

  N  De->A    L    D    ks    kL    Es    A      v       Re     f       hf    hL      alfa
-------------------------------------------------------------------------------------------
  0   1  0  1000  200 0.0015  5.0  TA  0.0314   1.27  252878 0.01501   6.20  0.41   4134.68
  1   0  2  1000  200 0.0015  3.0  TA  0.0314   0.73  145405 0.01671   2.28  0.08   4469.81
  2   2  3   750  150 0.0015  2.0  TA  0.0177   0.55   81417 0.01883   1.43  0.03  15696.33
  3   2  4   500  150 0.0015  2.0  TA  0.0177   0.42   61881 0.01997   0.59  0.02  11192.01
  4   3  5   750  150 0.0015 10.0  TA  0.0177   0.15   22412 0.02520   0.15  0.01  22195.45
  5   4  5   500  100 0.0015  2.0  TA  0.0079   0.43   42245 0.02175   1.00  0.02  91500.93
-------------------------------------------------------------------------------------------
Matriz [A]
[[165.39   0.     0.     0.     0.     0.  ]
 [  0.   102.81   0.     0.     0.     0.  ]
 [  0.     0.   151.61   0.     0.     0.  ]
 [  0.     0.     0.    82.16   0.     0.  ]
 [  0.     0.     0.     0.    59.01   0.  ]
 [  0.     0.     0.     0.     0.   305.72]]

Matriz [A1]
[[165.39   0.     0.     0.     0.     0.  ]
 [  0.   102.81   0.     0.     0.     0.  ]
 [  0.     0.   151.61   0.     0.     0.  ]
 [  0.     0.     0.    82.16   0.     0.  ]
 [  0.     0.     0.     0.    59.01   0.  ]
 [  0.     0.     0.     0.     0.   305.72]]

Matriz [qfi]
[17.]

Matriz [Hi]
[116.62 107.64 106.17 107.03 106.01]

Matriz [Qi]
[40.   23.    9.66  7.34  2.66  3.34]

Matriz [dq]
[ 0.00e+00  4.79e-16  2.58e-05 -2.58e-05  2.58e-05 -2.58e-05]


-----Fin iteración:   6  Desbalance de caudales: 0.025822


-----Iteración número:   7 -----

Variables hidráulicas de los tramos

  N  De->A    L    D    ks    kL    Es    A      v       Re     f       hf    hL      alfa
-------------------------------------------------------------------------------------------
  0   1  0  1000  200 0.0015  5.0  TA  0.0314   1.27  252878 0.01501   6.20  0.41   4134.68
  1   0  2  1000  200 0.0015  3.0  TA  0.0314   0.73  145405 0.01671   2.28  0.08   4469.81
  2   2  3   750  150 0.0015  2.0  TA  0.0177   0.55   81440 0.01883   1.43  0.03  15695.38
  3   2  4   500  150 0.0015  2.0  TA  0.0177   0.42   61857 0.01997   0.59  0.02  11192.92
  4   3  5   750  150 0.0015 10.0  TA  0.0177   0.15   22436 0.02519   0.15  0.01  22190.18
  5   4  5   500  100 0.0015  2.0  TA  0.0079   0.43   42210 0.02175   1.00  0.02  91518.02
-------------------------------------------------------------------------------------------
Matriz [A]
[[165.39   0.     0.     0.     0.     0.  ]
 [  0.   102.81   0.     0.     0.     0.  ]
 [  0.     0.   151.64   0.     0.     0.  ]
 [  0.     0.     0.    82.14   0.     0.  ]
 [  0.     0.     0.     0.    59.06   0.  ]
 [  0.     0.     0.     0.     0.   305.52]]

Matriz [A1]
[[165.39   0.     0.     0.     0.     0.  ]
 [  0.   102.81   0.     0.     0.     0.  ]
 [  0.     0.   151.64   0.     0.     0.  ]
 [  0.     0.     0.    82.14   0.     0.  ]
 [  0.     0.     0.     0.    59.06   0.  ]
 [  0.     0.     0.     0.     0.   305.52]]

Matriz [qfi]
[17.]

Matriz [Hi]
[116.62 107.64 106.17 107.03 106.01]

Matriz [Qi]
[40.   23.    9.66  7.34  2.66  3.34]

Matriz [dq]
[ 0.00e+00 -2.29e-16  2.82e-06 -2.82e-06  2.82e-06 -2.82e-06]


-----Fin iteración:   7  Desbalance de caudales: 0.002821

----- FIN DEL CÁLCULO -----


MÉTODO DEL GRADIENTE HIDRÁULICO              v1.0.0-alpha

Archivo de entrada: ./input/pruebaJSON.mgh.json
Titulo:      Titulo
Autor:       Autor
Fecha:       8-set-2022
Versión:     8-set-2022
Viscosidad:  1.007e-06
Desbalance:  1e-05
Máximo iteraciones permitidas:  50
Ecuación de pérdidas de fricción: Colebrook-White
Factor global de demanda:  1.0

DATOS DE ENTRADA

Nudos de carga fija
  N  Elevación    Carga    Nivel
---------------------------------
  0   100.00     110.00    10.00 
---------------------------------

Nudos de demanda
  N  Elevación   Demanda    FVH
---------------------------------
  1    90.00     -40.00     1.00 
  2    87.00       6.00     1.00 
  3    85.00       7.00     1.00 
  4    80.00       4.00     1.00 
  5    88.00       6.00     1.00 
---------------------------------

Tramos
  T   de->a      L     D     A       ks     kL   Estado   Op 
---------------------------------------------------------------
  0    1  0    1000   200  0.0314  0.0015   5.0    TA   - 
  1    0  2    1000   200  0.0314  0.0015   3.0    TA   - 
  2    2  3     750   150  0.0177  0.0015   2.0    TA   - 
  3    2  4     500   150  0.0177  0.0015   2.0    TA   - 
  4    3  5     750   150  0.0177  0.0015  10.0    TA   - 
  5    4  5     500   100  0.0079  0.0015   2.0    TA   - 
---------------------------------------------------------------

RESULTADOS

Nudos de carga fija
  N  Elevación    Carga    Nivel   Caudal
------------------------------------------
  0   100.00     110.00    10.00    17.00
------------------------------------------

Nudos de demanda
  N  Elevación   Q Base    FVH    Q Neto      Carga   Presión
-------------------------------------------------------------
  1    90.00     -40.00    1.00   -40.00     116.62    26.62
  2    87.00       6.00    1.00     6.00     107.64    20.64
  3    85.00       7.00    1.00     7.00     106.17    21.17
  4    80.00       4.00    1.00     4.00     107.03    27.03
  5    88.00       6.00    1.00     6.00     106.01    18.01
-------------------------------------------------------------

Tramos
  T   de->a      V       Q       hf      hL      hT       S   
---------------------------------------------------------------
  0    1  0     1.27   40.00    6.20    0.41    6.62   0.00662 
  1    0  2     0.73   23.00    2.28    0.08    2.36   0.00236 
  2    2  3     0.55    9.66    1.43    0.03    1.47   0.00195 
  3    2  4     0.42    7.34    0.59    0.02    0.60   0.00121 
  4    3  5     0.15    2.66    0.15    0.01    0.16   0.00021 
  5    4  5     0.43    3.34    1.00    0.02    1.02   0.00204 
---------------------------------------------------------------

Fecha y hora de esta corrida:  Mon Sep 12 15:45:58 2022
crcs-2022
